0 1 2 3 4 5 6 7 8 9 10 11 12 13 14 15 16 17 18 19 20 21 22 23 24 25 26 27 28 29 
30 31 32 
33 34 35 
36 37 38 39 40 41 42 43 44 45 46 
38 39 47 48 
38 39 48 49 50 51 52 53 54 55 56 57 58 
32 41 59 60 61 62 
3 39 48 
63 64 65 66 67 68 
32 69 
48 70 71 72 
39 73 74 75 76 77 78 79 
36 38 39 41 48 79 80 81 
82 83 84 
41 85 86 87 88 
39 48 89 90 91 92 93 94 95 96 97 98 99 100 101 
36 38 39 48 89 
39 41 102 103 104 105 106 107 108 
38 39 41 109 110 
39 111 112 113 114 115 116 117 118 
119 120 121 122 123 124 125 126 127 128 129 130 131 132 133 
48 134 135 136 
39 48 137 138 139 140 141 142 143 144 145 146 147 148 149 
39 150 151 152 
38 39 56 153 154 155 
48 156 157 158 159 160 
39 41 48 
161 162 163 164 165 166 167 
38 39 48 168 169 170 171 172 173 
32 39 41 48 174 175 176 177 178 
32 38 39 47 48 179 180 181 182 183 
39 184 185 186 
36 38 41 48 140 187 188 
39 48 186 189 190 191 192 193 194 195 196 197 198 199 200 
39 201 202 203 204 205 206 207 208 209 
39 65 193 210 211 212 213 214 215 
179 216 217 218 219 220 221 222 223 224 
225 226 227 
39 41 48 228 229 230 231 
36 38 39 232 233 234 235 236 237 238 239 240 241 242 
39 243 244 245 
39 41 48 246 247 248 249 250 
39 48 65 251 252 253 
48 230 254 
39 48 66 78 242 255 256 257 258 259 260 261 
39 48 262 
36 38 39 225 263 264 265 266 267 
39 242 268 269 270 271 
39 48 79 146 237 256 272 273 
274 
32 38 39 48 275 276 277 278 279 280 281 282 283 
39 48 68 
38 39 48 95 96 105 284 285 286 287 
39 41 48 212 288 289 290 291 292 293 294 295 296 297 298 299 
300 301 302 
36 38 39 105 303 304 305 306 307 308 309 310 311 312 313 314 315 316 317 318 319 320 321 
10 322 323 324 325 326 327 
39 48 152 161 328 
39 329 330 
48 331 332 333 334 335 336 337 338 339 
18 37 38 41 48 147 340 341 342 343 344 345 346 347 
32 39 41 48 348 349 350 
48 351 352 353 354 355 356 357 358 359 360 361 362 363 364 
365 366 
38 39 41 48 60 367 368 369 370 371 372 373 374 375 
1 11 39 41 48 65 89 376 377 378 379 380 381 382 383 384 385 
386 387 388 389 
38 41 390 
38 55 391 
32 43 151 152 201 258 340 392 393 394 395 396 397 398 399 
338 400 401 402 403 404 
39 405 406 407 
48 89 101 179 186 258 340 408 409 410 411 412 413 414 415 416 417 418 419 420 421 422 
39 45 48 248 423 424 425 426 
141 344 427 428 429 430 431 
39 432 433 434 
39 48 65 435 436 437 438 
15 23 36 38 48 123 229 291 331 337 390 439 440 441 442 443 444 445 446 447 448 449 450 
48 451 452 453 454 455 456 457 458 459 460 
37 38 48 147 174 461 462 463 464 465 466 467 468 469 470 471 
39 48 472 473 474 475 
39 41 476 
477 478 479 
39 161 480 481 482 483 484 485 486 
32 39 41 48 152 237 396 
38 39 41 105 110 487 
60 381 
11 39 48 255 488 489 490 491 492 493 494 495 496 497 498 499 500 
39 
41 110 501 
32 38 39 48 170 178 502 503 
38 41 504 
225 232 347 505 506 507 508 509 510 511 512 513 514 515 
38 39 41 48 170 189 225 270 516 
39 48 
38 39 281 517 
2 518 519 520 
310 521 522 
41 523 524 
48 310 416 521 522 525 526 527 528 529 530 531 
38 39 110 532 
18 38 47 48 89 258 293 338 365 533 534 535 536 537 538 539 540 541 542 543 544 
39 48 106 107 264 308 384 498 545 546 547 548 549 
39 48 312 550 551 552 553 554 555 556 557 558 
32 39 41 48 89 129 255 357 367 368 408 491 552 559 560 561 562 563 564 565 566 567 568 569 570 
38 170 201 571 
39 41 48 572 573 574 575 
38 39 161 281 
36 38 48 78 155 576 577 578 579 580 581 582 583 584 585 586 587 588 589 590 591 
39 48 592 593 594 595 596 597 598 599 600 
39 178 601 602 
38 39 170 207 603 604 605 606 
126 290 292 548 607 608 609 610 611 612 613 614 615 616 617 618 619 620 621 622 623 624 
625 626 
39 48 627 
39 41 48 134 272 475 628 629 630 631 632 633 634 635 636 
39 48 
38 39 41 48 89 110 637 638 639 
38 48 170 242 255 389 604 640 641 642 643 644 645 646 647 
36 38 39 271 
39 
39 89 186 543 648 649 650 651 652 653 654 
41 511 655 656 657 
39 48 658 
39 48 201 659 660 661 662 663 664 665 666 667 668 669 670 671 672 673 674 675 
39 41 676 677 678 679 
39 72 365 
39 680 681 
23 39 41 48 260 357 470 682 683 684 685 686 687 688 689 690 691 692 693 
37 38 39 48 694 
32 39 166 346 533 695 696 697 698 699 700 701 702 703 704 
12 39 578 597 705 706 707 708 709 710 711 712 
39 155 338 713 714 
37 38 39 41 48 170 433 715 716 717 
718 719 
39 48 150 160 720 
19 36 38 39 41 48 248 543 721 722 723 724 725 726 727 728 729 730 731 732 733 734 735 736 737 738 739 740 
41 48 741 742 743 744 745 
10 746 
9 39 41 
747 
359 748 
9 227 715 749 750 751 752 753 754 755 
39 48 68 649 756 757 758 759 760 761 762 763 
209 211 242 618 637 651 764 765 766 
647 767 768 769 
39 41 770 
38 286 359 
38 110 
19 39 284 420 771 772 
39 48 773 774 
37 38 110 334 775 776 777 778 779 
11 39 41 48 67 102 225 228 278 564 780 781 782 783 784 785 786 787 788 789 
38 39 41 790 791 
38 39 48 286 
38 39 41 47 48 61 150 312 441 561 622 649 792 793 794 795 796 797 798 799 800 801 802 803 804 805 
48 768 806 
38 41 170 420 
38 286 
39 41 48 807 808 809 
32 41 420 810 
39 48 89 811 812 
0 39 48 65 120 181 730 813 814 815 816 817 
22 32 39 818 819 
39 41 806 820 821 822 823 
39 48 179 490 570 572 649 723 824 825 826 827 828 829 830 831 832 833 834 
36 38 483 492 740 835 836 837 
38 838 839 840 841 842 
48 798 843 844 845 846 
9 39 48 704 767 809 847 848 849 
9 38 39 170 330 714 850 851 852 853 
39 41 48 854 
237 855 856 
39 45 48 522 535 681 857 858 859 860 
39 48 861 862 
39 48 359 
38 39 48 110 161 863 864 865 866 
441 645 867 868 869 870 871 872 873 874 875 876 877 878 879 880 881 882 883 884 885 
39 41 161 259 260 886 887 888 
39 48 798 859 889 890 
39 48 101 249 255 278 441 479 495 585 678 809 891 892 893 894 895 896 897 898 899 900 901 902 903 904 905 906 
39 907 
48 65 908 909 910 911 912 913 
38 39 48 170 303 494 914 915 
31 39 41 93 916 
209 917 918 919 920 921 
32 38 39 41 47 191 209 348 390 422 441 547 645 877 922 923 924 925 926 927 928 
32 48 270 511 750 929 930 931 932 
32 38 39 41 42 170 178 213 272 511 589 933 934 935 936 937 938 939 940 941 
39 48 942 943 944 945 946 947 948 
38 39 48 286 949 950 951 952 
39 41 349 606 665 953 954 955 956 957 958 
10 39 41 48 959 960 
9 48 96 107 529 549 606 789 961 962 963 964 965 
39 269 384 966 967 
25 32 41 117 185 232 248 340 503 530 533 762 927 968 969 970 971 972 973 974 975 976 977 978 979 980 981 982 
65 76 128 136 185 535 558 612 615 730 913 916 983 984 985 986 987 988 989 990 991 992 993 994 995 996 997 998 999 1000 1001 1002 1003 1004 1005 
1006 1007 1008 
39 389 989 1009 1010 
39 41 48 715 755 1011 1012 1013 1014 1015 1016 1017 
65 101 175 176 178 197 282 301 623 803 806 1018 1019 1020 1021 1022 1023 1024 1025 1026 
39 48 237 1027 
38 84 107 108 110 133 237 249 493 589 604 675 1028 1029 1030 1031 1032 1033 1034 1035 1036 1037 1038 1039 1040 1041 1042 1043 
32 1044 1045 1046 
39 45 48 200 259 282 359 365 396 577 589 593 751 1047 1048 1049 1050 1051 
32 868 1052 1053 1054 
39 41 48 348 352 454 533 693 754 1055 1056 1057 
38 39 249 371 740 
48 571 681 803 967 970 1031 1058 1059 1060 1061 1062 
359 1063 
32 38 48 170 186 365 413 475 548 636 1064 1065 1066 1067 1068 1069 1070 
39 1071 1072 1073 1074 1075 
48 77 101 242 571 616 822 1076 1077 1078 1079 1080 1081 1082 1083 1084 1085 1086 1087 1088 1089 
39 48 255 493 1090 
38 39 48 328 504 984 1091 
48 260 665 
39 41 48 956 1031 1092 1093 1094 
32 
38 170 885 1095 
433 1096 
31 846 1097 1098 1099 1100 1101 1102 1103 
39 48 828 1104 1105 1106 1107 1108 1109 1110 1111 
38 39 48 170 
38 39 41 390 1112 1113 1114 1115 
38 39 41 72 105 208 346 535 1116 1117 1118 1119 1120 1121 1122 1123 1124 1125 1126 1127 1128 
39 41 48 75 1000 1129 1130 
32 612 976 1013 1131 1132 1133 1134 1135 1136 1137 1138 
39 249 1139 1140 1141 1142 1143 1144 
0 39 48 
38 370 
39 48 155 721 766 1062 1145 
32 38 39 41 48 63 110 548 1146 1147 
36 38 39 41 48 55 332 441 561 740 796 797 809 885 910 956 1148 1149 1150 1151 1152 1153 1154 1155 1156 1157 1158 
36 38 48 255 859 1159 1160 1161 
39 48 1003 1162 1163 1164 
39 48 1165 1166 1167 
20 1168 1169 1170 1171 
38 39 41 48 105 1172 1173 
32 39 
48 251 694 809 1144 1174 1175 1176 1177 1178 1179 1180 
48 766 781 996 1181 1182 1183 
39 48 237 493 676 952 1145 1184 1185 
39 48 192 1186 
28 38 39 41 161 978 1187 1188 1189 1190 
39 48 123 220 475 677 1191 1192 1193 1194 
1190 
39 48 730 987 1195 1196 
39 1197 
65 201 266 341 433 522 694 866 1198 1199 1200 1201 1202 1203 1204 1205 1206 1207 
68 261 628 1208 1209 1210 
32 38 41 110 597 1211 1212 1213 1214 
23 39 48 101 255 604 814 1031 1215 1216 1217 1218 1219 
1220 1221 
187 208 270 1051 1206 1222 1223 1224 1225 1226 1227 1228 
38 39 41 48 357 397 533 661 674 790 993 1067 1082 1155 1229 1230 1231 1232 1233 1234 1235 1236 1237 1238 1239 1240 1241 1242 1243 1244 1245 1246 1247 
32 39 43 48 67 117 132 441 475 550 665 789 1248 1249 1250 1251 
38 170 
39 48 677 775 834 1160 1180 1252 1253 1254 1255 1256 1257 1258 1259 1260 
649 825 1261 1262 1263 1264 1265 
39 1266 1267 
39 41 48 1268 1269 1270 1271 1272 1273 
39 48 60 200 208 676 713 952 1274 1275 1276 
36 38 41 338 340 565 668 1277 1278 1279 1280 1281 1282 1283 1284 
39 48 1153 1154 1285 
48 151 152 189 255 525 938 1012 1286 1287 1288 1289 1290 1291 
39 41 48 
38 39 41 48 110 271 1146 1292 
48 1293 1294 
737 1295 1296 
39 48 393 824 1297 1298 1299 1300 1301 1302 1303 1304 1305 1306 1307 
475 830 1274 1308 
37 38 39 41 48 76 445 558 587 739 973 1309 1310 1311 1312 1313 1314 1315 
39 48 49 98 123 237 285 475 875 1018 1135 1316 1317 1318 1319 1320 1321 1322 1323 1324 1325 1326 1327 1328 
1329 1330 
32 185 691 890 1331 1332 1333 
41 48 123 222 255 1334 1335 1336 1337 1338 1339 1340 1341 1342 1343 
39 48 479 1344 1345 
41 48 123 255 413 425 586 622 727 789 1049 1343 1346 1347 1348 1349 1350 1351 1352 
39 48 1173 1353 
38 110 1180 1354 1355 
39 41 95 101 308 309 374 433 685 741 743 753 860 898 979 998 1079 1080 1153 1154 1269 1356 1357 1358 1359 1360 1361 1362 1363 1364 1365 1366 1367 1368 1369 1370 1371 1372 1373 1374 1375 1376 1377 1378 1379 1380 1381 1382 1383 1384 1385 1386 
39 48 334 740 987 1042 1387 1388 1389 1390 1391 
38 39 170 842 
38 39 48 286 1063 1392 
39 1368 1393 1394 
38 48 170 1395 
39 751 
39 48 729 759 880 1236 1396 1397 1398 1399 1400 1401 1402 
20 58 101 364 399 522 549 824 837 846 1004 1403 1404 1405 1406 1407 1408 
749 1409 
36 38 41 255 264 1410 1411 
39 48 1412 1413 1414 
39 521 622 
67 68 69 604 720 1415 1416 1417 1418 1419 1420 
38 39 41 48 101 170 475 714 856 1318 1421 1422 1423 1424 1425 1426 
39 248 584 1043 1281 1427 1428 1429 1430 1431 1432 
39 48 95 195 208 213 809 1216 1433 1434 1435 
1436 1437 1438 
39 264 464 616 750 973 1439 1440 
62 300 1441 
39 41 48 739 824 1442 1443 
39 48 188 1444 1445 1446 
39 45 48 89 334 
301 883 1447 1448 1449 1450 1451 1452 
39 334 1279 
5 200 432 535 581 861 1387 1453 1454 1455 1456 1457 1458 1459 1460 1461 1462 
38 39 290 840 859 1463 1464 
10 39 48 49 1004 1142 1258 1465 1466 1467 1468 1469 1470 
32 39 41 48 301 310 604 719 1082 1277 1471 1472 1473 1474 1475 1476 1477 1478 1479 1480 1481 
36 38 39 270 1129 
39 41 184 204 1387 1465 1482 1483 1484 1485 1486 
1487 
38 39 60 371 1488 
36 38 48 381 1489 1490 
39 41 48 381 1491 
39 48 269 1163 1446 1492 1493 1494 1495 1496 1497 1498 
39 332 1499 1500 1501 
48 
39 41 248 673 1191 1502 
32 136 548 549 1503 
39 302 1166 1191 1330 1504 
39 48 49 1505 1506 1507 1508 
30 39 41 48 593 1235 1509 1510 1511 1512 1513 1514 1515 1516 1517 
38 39 48 49 56 334 740 1402 1518 1519 1520 
1521 
48 1522 1523 1524 
38 48 67 68 76 504 612 789 1525 1526 
39 195 1140 1527 
38 170 1528 1529 
39 48 264 423 1004 1104 1530 
32 39 1531 1532 
717 
39 48 174 441 801 1533 1534 1535 1536 
156 161 310 932 1537 1538 
39 48 714 1307 1436 1530 1539 1540 1541 1542 1543 
9 38 39 48 65 155 170 408 420 479 589 778 824 1062 1267 1342 1433 1544 1545 1546 1547 1548 1549 1550 1551 
1552 
39 
39 48 49 1553 
39 41 331 1554 1555 1556 1557 
39 48 242 
101 289 522 525 758 778 824 1558 1559 1560 
101 378 669 794 824 1561 1562 
32 39 48 141 381 910 1135 1174 1344 1563 1564 1565 1566 1567 
39 793 915 1568 
39 41 94 198 340 548 677 1347 1569 1570 1571 1572 1573 1574 1575 1576 1577 
39 185 261 1291 1578 
32 39 41 48 425 533 592 723 749 1313 1322 1579 1580 1581 1582 1583 1584 1585 1586 1587 1588 1589 
36 38 39 41 89 288 384 479 535 611 966 1590 1591 1592 1593 1594 1595 1596 1597 1598 1599 
38 41 48 170 825 904 1264 1600 1601 1602 1603 1604 1605 1606 1607 1608 
38 39 41 110 170 1609 1610 
48 1611 1612 
38 39 371 1609 1613 1614 
38 48 170 
39 48 246 550 734 930 1146 1615 1616 
39 41 255 259 340 396 535 974 986 1014 1135 1353 1617 1618 1619 1620 1621 1622 1623 1624 1625 1626 1627 
39 41 48 60 155 182 246 535 589 1274 1319 1628 1629 
36 38 39 48 1630 1631 
39 48 49 96 543 639 677 812 924 1004 1144 1414 1593 1629 1632 1633 1634 1635 1636 1637 1638 1639 1640 
1 
39 326 361 665 1484 1641 1642 1643 1644 1645 1646 1647 
39 48 237 1278 1648 
39 41 1649 
727 1650 1651 1652 1653 1654 
38 39 41 48 89 110 495 592 1291 1655 1656 
59 100 161 232 282 314 378 490 492 598 604 1024 1198 1211 1657 1658 1659 1660 1661 1662 1663 1664 1665 1666 1667 1668 1669 
39 48 61 550 598 866 1670 1671 
32 38 39 105 413 824 1363 1672 1673 1674 1675 1676 1677 1678 1679 
39 48 648 1680 1681 1682 1683 1684 1685 1686 
39 41 185 234 1474 1687 1688 1689 1690 1691 1692 
39 297 522 544 1693 1694 1695 1696 1697 1698 1699 
32 36 38 39 740 
38 39 41 48 89 155 161 604 767 790 821 968 1198 1233 1433 1700 
60 101 260 345 418 423 544 640 1113 1121 1616 1701 1702 1703 1704 
39 549 961 1232 1313 1705 1706 
38 41 48 110 501 533 616 653 1105 1251 1557 1707 1708 1709 1710 1711 1712 1713 1714 1715 1716 1717 
39 41 48 276 336 344 570 1130 1207 1465 1601 1718 1719 1720 1721 1722 
32 39 48 299 1011 1723 1724 
117 950 1725 1726 
38 49 681 1232 1343 1727 1728 
39 846 944 1198 
32 48 862 
103 1729 1730 1731 
32 38 1590 
32 38 39 41 170 271 740 1138 1696 1732 
32 41 48 485 542 677 1274 1352 1733 1734 1735 1736 1737 1738 1739 
38 39 41 110 903 978 1740 1741 1742 
36 38 39 41 48 150 248 379 548 570 1214 1642 1743 1744 1745 1746 1747 
161 384 670 
39 41 48 677 1748 1749 1750 
15 99 101 117 180 196 237 310 363 441 550 731 805 976 978 1070 1082 1112 1160 1233 1390 1456 1528 1657 1751 1752 1753 1754 1755 1756 1757 1758 1759 1760 1761 1762 1763 1764 1765 1766 1767 1768 1769 
26 38 39 56 123 276 587 772 947 1517 1770 1771 1772 1773 1774 1775 
39 48 220 592 677 1015 1776 1777 1778 1779 1780 1781 1782 1783 
39 48 179 475 703 727 1631 1699 1770 1775 1784 1785 1786 1787 1788 1789 
38 39 170 1790 1791 1792 1793 
39 48 155 206 535 1764 1794 1795 
39 48 1796 1797 
38 105 1798 
38 371 1799 1800 
39 195 255 789 1002 1528 1690 1758 1801 1802 1803 1804 1805 1806 1807 
39 41 48 251 958 1808 1809 1810 1811 
41 48 361 458 689 1105 1812 1813 1814 1815 
39 123 397 414 930 1361 1816 1817 1818 1819 1820 1821 1822 1823 1824 
38 48 110 201 1688 
38 48 371 414 835 878 1825 1826 1827 1828 1829 
48 896 1830 1831 1832 
39 
48 249 1435 1833 1834 1835 
38 39 41 48 170 266 357 438 915 1280 1836 1837 1838 1839 1840 1841 1842 1843 1844 
39 89 201 359 572 978 1393 1435 1845 1846 1847 
32 39 41 208 503 587 835 1411 1541 1657 1848 1849 1850 1851 1852 1853 
25 39 48 91 150 237 359 549 571 616 807 831 878 885 961 1090 1291 1598 1854 1855 1856 1857 1858 1859 
39 740 1010 1860 1861 
1862 1863 
39 48 89 430 824 1864 1865 1866 1867 
32 41 48 65 66 313 338 475 661 1336 1344 1868 1869 1870 1871 1872 
237 794 892 1475 1700 1873 1874 1875 1876 1877 
39 41 65 612 808 956 1878 1879 1880 1881 1882 
38 55 979 1883 1884 1885 1886 1887 
39 249 1360 1888 1889 1890 
39 48 303 
352 1108 
1891 
38 39 41 396 548 1590 1872 
39 939 
38 39 41 45 48 89 101 170 237 384 592 809 1000 1239 1327 1436 1552 
32 38 39 41 809 885 1727 
32 39 48 750 909 1672 1892 1893 1894 
39 48 54 78 89 101 544 586 785 1068 1880 1895 
350 599 1896 
89 1897 1898 
39 96 284 1372 1899 1900 1901 1902 1903 
39 48 1814 1904 
38 39 41 48 65 71 89 249 359 365 489 571 741 805 1103 1428 1481 1513 1576 1578 1831 1905 1906 1907 1908 1909 1910 1911 1912 1913 1914 1915 1916 
216 1917 
32 39 41 48 107 136 340 436 447 576 833 1105 1135 1481 1498 1918 1919 1920 1921 1922 1923 
48 1924 1925 1926 1927 
38 39 41 48 110 800 941 
1 48 864 1194 1432 1928 
805 991 1000 1417 1600 1929 1930 1931 1932 1933 
27 41 269 379 1591 1934 
39 48 255 310 581 639 713 1935 1936 1937 1938 
39 41 48 
39 48 116 439 989 1939 
1940 1941 
38 371 498 518 950 1011 1714 1792 1922 1942 1943 1944 1945 1946 
39 89 703 903 968 1233 1435 1947 
310 1666 1736 1948 1949 1950 
39 41 1951 
33 39 48 65 78 255 574 1952 1953 1954 1955 1956 
1227 1611 1957 1958 1959 
32 39 1745 1960 1961 
32 39 152 
39 1962 
38 39 48 323 371 1963 1964 
39 734 1965 
39 48 761 1591 1966 
32 48 62 1135 1272 1967 1968 1969 1970 1971 1972 
32 39 41 271 421 1973 
37 38 41 89 184 341 669 1974 1975 
237 1476 1612 1976 1977 1978 
824 1192 1642 1979 1980 
39 107 108 340 464 570 612 856 1979 1980 1981 1982 1983 
32 1984 1985 
39 48 612 1578 
39 41 
48 78 438 
39 499 
38 170 200 963 1986 1987 
255 
242 1988 1989 
39 48 431 549 993 1488 
39 89 979 1140 1547 1990 1991 
39 488 548 1196 1440 1992 1993 1994 1995 1996 1997 1998 
32 39 48 334 363 589 604 637 1051 1999 2000 2001 2002 
39 48 
1198 
381 846 2003 2004 2005 
48 865 1809 2006 
39 41 48 259 269 564 611 1135 1347 1710 1853 1969 2007 2008 2009 2010 2011 2012 
32 205 570 968 2013 
39 48 184 572 1094 1265 1585 2014 2015 2016 2017 
38 39 110 
32 37 38 39 41 89 903 1459 2018 2019 2020 2021 2022 
36 38 117 450 550 1249 
265 321 2023 
38 39 170 740 866 898 1176 1185 2024 2025 
38 117 123 170 340 550 976 1309 1876 2026 2027 2028 2029 2030 2031 2032 2033 2034 
32 41 178 441 511 
37 38 39 766 1178 1438 1588 1696 2035 2036 2037 2038 2039 2040 2041 2042 
48 136 441 2043 2044 
359 2045 
2046 
142 1568 
2047 
32 2048 
18 39 947 
38 39 170 
36 38 39 48 274 976 1327 1654 1779 2049 2050 2051 2052 2053 2054 2055 2056 2057 
38 39 41 48 475 1590 
39 1334 1556 2058 2059 2060 2061 
922 2062 
39 249 278 2063 
39 413 889 979 1198 1867 2064 2065 
9 31 39 208 302 310 664 950 1198 1913 2006 2066 2067 2068 
39 48 
38 41 286 1425 
39 41 48 1990 
94 164 166 208 247 269 365 570 623 683 684 692 715 851 1065 1198 1233 1294 1404 1484 1569 2069 2070 2071 2072 2073 2074 2075 2076 2077 2078 2079 2080 2081 2082 2083 2084 
39 
32 39 131 223 1435 1530 2085 
41 1600 2086 2087 2088 
9 39 41 48 249 273 297 641 1210 1349 1532 1827 2064 2089 2090 2091 2092 2093 2094 2095 2096 
39 48 504 809 
39 41 48 65 80 464 984 2097 2098 2099 2100 
39 41 48 352 547 676 952 1859 2101 2102 2103 
39 41 95 96 341 384 960 1091 1899 2104 
11 31 48 117 640 922 976 1463 1637 1792 2105 2106 
32 48 636 749 1320 1350 2107 
39 48 475 1345 2108 
39 41 740 1791 1829 2109 2110 
32 980 1658 2111 2112 2113 
38 39 95 170 2114 
22 123 692 982 1410 2115 2116 2117 2118 2119 2120 2121 2122 2123 2124 2125 2126 
19 43 48 349 550 615 813 861 959 976 1274 1369 1494 1503 1538 1624 1750 1815 2002 2060 2127 2128 2129 2130 2131 2132 2133 2134 2135 2136 2137 2138 2139 2140 2141 2142 2143 2144 2145 2146 2147 2148 2149 2150 
41 48 147 150 185 200 311 313 439 451 543 739 763 817 851 904 926 1082 1159 1233 1393 1399 1663 2011 2074 2151 2152 2153 2154 2155 2156 2157 2158 2159 2160 2161 2162 
39 269 657 1361 1742 2163 2164 
38 39 41 48 286 
38 39 41 48 110 123 237 478 2165 
38 39 185 956 1415 1529 2166 2167 
39 48 246 
39 41 749 1578 1598 2168 2169 2170 
38 68 281 535 1013 1864 1877 2171 2172 
441 1415 2173 
23 39 78 101 167 682 1184 2174 2175 2176 
104 156 173 264 643 1899 2177 2178 2179 2180 
17 32 39 60 604 916 2181 2182 2183 
39 48 200 237 256 673 783 1953 2154 2184 2185 2186 2187 2188 2189 2190 2191 
38 47 48 381 1349 1713 2192 
39 740 1659 
48 772 2193 
39 475 522 2194 
41 48 65 95 852 1011 1668 2195 2196 2197 
32 39 41 48 101 127 2043 
36 38 41 2198 2199 
39 89 522 750 1221 1951 2200 2201 2202 2203 2204 
38 39 41 48 390 824 855 992 2205 2206 
39 246 499 1876 2207 2208 
38 39 504 993 1435 2098 
39 41 48 89 310 
89 660 1192 2209 2210 2211 
37 38 39 41 48 255 449 591 1072 1329 1696 
38 170 220 232 1469 2212 
39 341 
48 2213 
36 38 39 40 41 42 44 45 76 104 249 340 346 1417 1804 2122 2214 2215 2216 2217 2218 2219 
273 522 1659 1688 1930 2169 2220 2221 2222 2223 2224 
32 38 41 48 88 128 152 259 271 371 664 749 855 956 2204 2225 2226 2227 2228 2229 2230 2231 2232 2233 2234 2235 2236 2237 2238 
32 246 1744 2239 2240 2241 2242 2243 
39 189 549 675 899 978 1472 2244 2245 2246 2247 2248 2249 2250 2251 2252 2253 2254 2255 2256 2257 2258 2259 2260 
38 39 41 48 1188 1424 1936 2261 2262 2263 2264 2265 2266 
38 39 48 110 1327 1552 1659 2267 2268 2269 
39 522 1242 
32 39 48 264 282 2270 
39 48 2271 2272 2273 
491 706 1838 1877 2274 2275 
2199 2276 
38 39 48 68 170 178 310 643 723 1327 1683 2277 
39 479 570 606 720 1393 2278 2279 2280 2281 2282 2283 2284 
39 845 2285 2286 
38 41 48 248 488 705 790 1591 2287 
38 104 110 237 570 719 1473 1709 
32 39 41 475 627 1484 2288 2289 2290 2291 2292 
32 39 349 1103 1207 1456 1762 2293 2294 2295 2296 
39 156 384 711 1508 1911 2297 2298 
38 41 56 110 2299 
184 187 339 2087 2300 2301 2302 2303 2304 2305 2306 2307 2308 2309 
38 110 2310 
39 513 
38 48 170 350 
38 39 41 48 110 1327 
39 48 312 795 796 1818 2311 2312 
39 71 604 2313 
39 113 408 413 654 944 1735 2212 2314 2315 2316 2317 2318 2319 
2320 2321 
38 39 65 72 80 95 150 170 586 723 970 1124 1342 2322 2323 2324 2325 2326 2327 
37 38 2328 2329 
60 
39 1121 1146 1232 1956 2330 
36 38 39 41 721 952 976 1249 1436 2106 2331 
32 38 156 266 286 803 1365 2332 
163 1144 2333 
38 110 1699 2334 
38 48 69 170 212 463 546 703 979 1161 1393 1438 1611 2259 2335 2336 2337 2338 2339 2340 2341 
48 434 1327 2342 2343 
39 41 48 526 533 681 1425 2015 2344 
11 39 48 60 133 310 330 967 1060 1081 1137 2345 2346 2347 2348 2349 2350 
38 170 
36 38 39 41 48 65 255 310 338 491 589 694 1198 1929 2166 2186 2351 2352 2353 
39 48 104 147 179 1179 2351 2354 2355 2356 
39 225 242 
38 39 41 48 62 79 250 259 269 345 639 677 790 1589 2357 
32 1736 1916 2358 
39 2359 2360 
36 39 173 408 525 1198 2361 2362 
48 1060 2363 2364 
2365 
585 740 2112 2366 2367 2368 
39 48 424 522 753 778 1415 2369 2370 2371 
39 749 976 1249 1349 1409 1867 2354 2372 2373 2374 2375 
1126 2376 
38 110 
41 79 475 855 1090 1280 1629 2377 2378 2379 
2380 2381 2382 2383 
39 48 51 1973 
2384 
76 832 916 1198 1411 1593 1596 1659 1814 2385 2386 2387 2388 2389 2390 
39 48 751 
39 48 246 515 565 702 970 1814 1972 2391 2392 2393 
38 41 504 1588 
38 39 170 570 1463 1464 2394 
501 
606 
39 1526 2263 2395 2396 2397 
39 338 993 1585 2238 2398 2399 
39 48 369 696 697 742 743 1044 1930 2400 2401 2402 
39 48 1052 1104 1187 2403 2404 
41 48 79 749 2405 2406 
39 41 270 797 1112 1153 1154 1282 1384 1385 2238 2407 
19 39 45 65 68 175 349 418 640 831 842 1198 1230 1291 1314 1704 2065 2408 2409 2410 
39 1011 2024 2411 2412 
39 292 690 789 1535 2364 2413 2414 2415 
39 
32 39 48 75 491 855 887 1477 2416 2417 
39 48 1930 
39 48 483 2418 2419 2420 
37 38 39 41 48 1138 2390 
32 65 445 1147 1264 2421 
39 41 265 302 505 1255 2290 
1 39 41 60 271 413 789 839 1012 1233 1291 2422 2423 2424 2425 2426 2427 2428 2429 
32 39 48 1469 2430 2431 
505 2432 
36 38 39 41 48 783 1327 1456 2433 2434 
36 38 170 1102 1915 1916 2435 2436 
32 39 41 48 279 855 1524 2437 
39 389 
30 39 41 95 441 1198 1206 2310 2438 2439 2440 2441 2442 
179 259 381 463 677 877 943 1327 2443 2444 2445 2446 2447 
36 39 79 351 511 1659 2448 2449 
39 225 271 2225 2450 
327 438 716 
8 39 48 49 117 124 212 550 606 772 855 976 1140 1230 1468 1485 1789 1872 2072 2096 2265 2358 2420 2451 2452 2453 2454 2455 2456 2457 2458 2459 
438 473 601 958 2225 
22 38 48 110 164 166 208 270 475 515 921 1095 1318 1779 2049 2084 2223 2460 2461 2462 2463 2464 2465 2466 
236 1327 2467 2468 
38 39 348 371 772 1709 1783 2117 2469 2470 2471 2472 2473 
141 
39 48 1630 2290 
39 41 597 2474 
39 592 989 
570 2039 2475 2476 
47 664 2477 
39 664 1327 
37 38 39 48 170 183 2478 2479 
36 38 39 
39 41 48 
38 39 48 110 855 1239 2480 2481 
39 48 1293 
39 48 1146 
39 41 48 155 179 222 249 269 279 289 324 548 772 793 899 958 1004 1260 1327 1433 1736 1936 2046 2329 2482 2483 2484 2485 2486 2487 2488 2489 2490 2491 2492 2493 
48 2478 2494 
38 105 281 
39 1327 2495 
32 39 41 124 147 855 1976 2254 2496 2497 2498 2499 
21 31 32 38 286 381 636 677 1070 1262 2500 2501 2502 2503 2504 
36 38 39 555 757 2170 2225 2310 2505 2506 2507 
38 39 41 48 49 56 186 281 357 390 681 877 1028 1068 1363 1392 1881 2029 2241 2263 2329 2436 2508 2509 2510 2511 2512 2513 2514 2515 2516 2517 2518 2519 
39 48 475 1003 1352 1532 2129 2520 
39 41 48 101 310 398 615 1020 1222 1956 2030 2350 2521 2522 2523 2524 2525 
39 48 65 227 271 340 560 666 1130 1176 1338 1339 1373 1796 1902 2147 2526 2527 2528 2529 2530 2531 2532 2533 2534 2535 2536 2537 2538 2539 
124 546 694 1327 2080 2540 2541 2542 
39 41 48 89 2543 
39 1327 
11 39 41 433 664 1655 2544 2545 2546 
48 664 855 2547 2548 2549 
39 48 345 1996 2550 
38 39 170 805 2551 
41 79 201 225 783 848 878 1056 1198 1893 2552 2553 2554 
123 824 2555 
664 674 855 2215 2556 2557 
41 488 716 2558 2559 2560 
38 39 110 1209 
32 38 39 48 110 1179 
48 101 352 413 464 513 661 729 1015 1223 1327 1339 2529 2561 2562 2563 2564 
39 48 65 146 
48 1198 1327 1435 2058 2375 2565 
39 48 1327 
32 38 110 
30 31 39 41 48 65 117 195 379 522 976 1315 2160 2566 2567 
39 170 511 
