0 1 2
0 1 2 6
0 1 2 5
3 4 5 9 10 11
0 1 2
0 1 2
0 1 2
3 4 5 9 10 11
3 4 5 9 10 11
0 1 2
3 4 5
0 1 2
3 4 5 9 10 11
3 4 9 10 11
5 8 9
0 1 2 3
0 1 2
0 1 2
0 1 2 6
0 1 2 5
3 4 5 9 10 11
0 1 2
0 1 2
0 1 2
3 4 5 9 10 11
3 4 5 9 10 11
0 1 2
3 4 5
0 1 2
3 4 5 9 10 11
3 4 9 10 11
5 8 9
0 1 2 3
0 1 2
0 1 2 3
3 4 5 6
3 4 5 6
3 4 6
3 4 5
4 2 9
3 4 5 9 10 11
3 4 5 9 10 11
3 4 5
3 4 5
0 1 2 3
3 4 5
0 1 3
3 4 5 9 10
3 4 9 10 11
3 6 8
8 7 2
4 2 9 8
0 1 2
3 4 5 9 10 11
3 4 5 9 10 11
8 7 2
3 4 5 9 10
3 4 5 9 10 11
3 4 5 9 10 11
3 4 5 9 10 11
3 4 5
3 4 5
3 4 5
0 1 2 3
3 4 5 6
3 4 5 6
3 4 6
3 4 5
4 2 9
3 4 5 9 10 11
3 4 5 9 10 11
3 4 5
3 4 5
0 1 2 3
3 4 5
0 1 3
3 4 5 9 10
3 4 9 10 11
3 6 8
8 7 2
4 2 9 8
0 1 2
3 4 5 9 10 11
3 4 5 9 10 11
8 7 2
3 4 5 9 10
3 4 5 9 10 11
3 4 5 9 10 11
3 4 5 9 10 11
3 4 5
3 4 5
3 4 5
